10 50 1
1 0.56972 2 2.4865 3 0.84772 4 1.3155 7 0.098282 
2 1.3921 7 0.63028 9 0.11854 10 1.1855 
2 0.58858 3 0.8794 5 0.80213 6 1.6368 8 0.22555 10 0.044885 
2 1.0716 5 1.5039 7 0.62767 
3 0.27084 4 0.32034 5 0.91966 9 1.7519 10 0.69047 
1 0.83479 4 0.51493 9 1.8812 10 0.73163 
2 1.1187 3 0.32481 4 0.56938 5 0.34865 7 0.3421 8 0.11427 9 0.18039 10 1.8916 
2 0.12815 3 2.345 7 0.97972 9 0.79631 
1 0.34486 2 1.597 4 0.61175 5 0.60064 6 0.36942 9 1.2543 
1 0.26097 2 1.0068 5 0.41302 7 1.6472 8 0.45446 
